7 17
0 4
8 12
-1 -1
0 4
-1 -1
8 12
8 12
-1 -1
0 4
16 20
-1 -1
16 20
0 4
0 4
0 4
-1 -1
16 20
8 12
16 20
16 20
-1 -1
8 12
16 20
16 20
8 12
-1 -1
0 4
8 12
8 12
8 12
16 20
16 20
16 20
-1 -1
16 20
0 4
0 4
8 12
0 4
0 4
0 4
16 20
16 20
8 12
0 4
0 4
-1 -1
8 12
-1 -1
0 4
0 4
-1 -1
-1 -1
8 12
16 20
16 20
-1 -1
-1 -1
0 4
8 12
-1 -1
16 20
-1 -1
16 20
-1 -1
8 12
8 12
8 12
8 12
0 4
0 4
0 4
-1 -1
16 24
16 20
-1 -1
0 4
-1 -1
0 4
16 20
-1 -1
0 4
8 12
0 4
8 12
8 12
16 20
16 20
16 20
-1 -1
-1 -1
8 12
0 8
8 12
0 4
-1 -1
0 4
16 24
-1 -1
8 12
16 20
0 4
16 20
16 20
8 12
8 12
8 16
-1 -1
0 4
-1 -1
-1 -1
16 20
8 12
8 12
-1 -1
8 12
16 20
16 20
-1 -1
